31342 15606 18486 24448 36645 53284 56606 34146 6747 59819 
73971 75378 87909 95708 1117 10422 49360 9356 15766 53880 
76029 17081 43054 77925 80114 95314 98236 2344 5748 7780 
12909 50038 56303 60777 53709 68524 21809 30184 65770 40857 
41148 44908 4727 54616 23085 15149 51324 69204 75295 80644 
83442 523 18782 30449 31851 49320 80637 88797 92735 5623 
10702 17896 15094 34884 49372 54317 7830 54364 56057 84436 
966 11864 54836 22045 59442 44999 53547 87159 88474 88594 
37648 38278 5084 29539 55154 73233 35791 51477 22876 54405 
76340 76380 849 8640 11265 32822 16211 35097 77193 86927 
91155 92121 94404 90312 14166 58585 42090 78470 26526 57139 
84065 85951 16111 24361 44865 23577 701 2715 8304 37547 
50571 54192 6490 17123 12302 25763 71393 84685 95417 97091 
31792 47576 6118 9676 30583 32886 36637 41977 20702 68118 
1795 10996 15524 27107 39885 52366 80516 40586 71433 81007 
89311 90025 90348 96233 13370 19002 33858 36213 39754 14691 
63867 71902 6727 10924 39977 36953 42595 38258 13668 21423 
75481 29193 32420 81859 75879 83654 18597 52372 22885 40158 
42369 46198 56886 47780 11858 36876 52898 71901 7673 35768 
48071 76630 81929 82135 85430 92966 95659 97639 97645 71443 
61245 73826 6790 25746 80419 17977 80425 32798 37414 34589 
72956 74864 92220 93326 98560 98791 99333 46206 3684 46006 
11357 14334 47724 62213 616 46307 78466 34561 48193 79179 
10100 25790 27887 41152 4315 32580 60950 69985 80525 83753 
85193 92094 25237 32945 65920 23257 70852 3380 1823 13011 
32509 34582 40721 70505 10975 80588 81204 92975 37941 45749 
96168 50398 52841 71539 54101 20471 68518 72833 76798 15402 
64201 68364 42742 1309 37671 45317 40919 50814 52342 63610 
70070 72253 74681 75251 77976 82181 35134 86226 96273 29312 
11371 12499 71608 73075 84039 42271 20862 56479 88170 98746 
6472 56257 37248 85260 15338 37603 86434 97677 98838 70589 
15351 47173 73953 74920 5707 16367 90602 30269 40841 8278 
83117 93180 18229 19650 95616 7820 22883 32060 33222 20373 
66443 74708 33673 34402 89267 16060 49740 22350 29302 60854 
20574 37701 70548 71276 28304 65765 16288 16819 23755 37836 
46115 66561 11904 70376 84100 24264 88605 27199 533 22250 
39 72732 73838 34441 55923 70405 78351 79666 89937 92054 
96007 36634 43077 53905 5241 37086 41515 58602 60585 68350 
5544 70193 81622 97748 7493 39066 73308 87661 27171 12904 
52974 3806 35154 53013 61386 66682 31524 4339 31791 34629 
9401 7331 838 4160 32377 37924 43575 47851 8182 65199 
63173 68830 78375 90727 91078 55373 4832 32243 61499 57806 
72339 78388 93177 93950 4084 33111 47329 57217 64903 11595 
29106 38713 68020 11126 15755 29944 76325 41508 84221 87443 
12158 26691 39499 17418 87130 80308 87375 89334 3409 849 
28903 66365 9888 56223 90403 92207 92403 96654 98450 99272 
99408 99653 36833 45992 50001 53959 53492 26801 30213 37453 
38968 61128 68940 26099 87262 93304 22759 97031 13047 17483 
270 68014 71955 72845 74769 39060 78178 78531 81843 49121 
65169 48230 80650 85671 89238 2775 27513 29517 29576 74079 
75711 98231 99420 22821 36205 55498 86682 89816 2725 25443 
62624 86103 94609 31657 37393 75570 31924 35926 33947 34655 
70453 95594 97399 299 1095 13113 44961 49140 68267 3938 
14196 18341 19040 13616 32087 57515 88824 93720 98529 2754 
35515 63193 21831 44861 13753 31269 49266 77523 84206 89097 
95868 12022 20133 27525 37580 50021 25135 32301 1581 13959 
61284 75480 82541 93017 97140 98547 99420 99696 99735 38038 
24854 35403 46382 46685 68858 70688 25399 29531 57196 60438 
60996 77651 84670 51889 52924 21805 35062 7845 23577 33955 
45941 82710 97481 1180 4507 18262 70458 14498 26607 72221 
3813 11917 51461 57431 76514 76626 96587 41115 37145 42470 
49766 52284 42053 67869 71364 91288 97816 99058 23016 48961 
51487 75834 10747 19728 38426 26563 37990 50554 59285 73928 
43420 75843 4160 53705 55337 83995 18329 68277 84555 85892 
87118 44479 89693 32114 10597 48098 57997 11777 47905 54527 
70921 79617 89214 94969 25699 31925 37336 84984 87164 39458 
63899 33677 42251 13940 40933 64246 25488 68407 657 3088 
9133 9317 17683 4286 57232 62162 889 52752 62798 72760 
82217 87228 49892 71578 91674 13629 39951 96204 96858 13737 
2193 30143 55134 83869 9895 27677 59478 1318 79149 80580 
19001 35564 82237 70276 39850 64954 81164 91370 44104 87517 
92602 77781 81190 84376 85807 93260 94390 9785 30472 42110 
94820 72600 10981 28331 71357 76967 55011 66858 87809 21772 
16822 24481 49095 56672 21997 56818 81258 89128 28858 49274 
65877 51249 58886 60010 40077 45818 61099 64167 79791 5717 
7923 1525 77386 84890 87928 92273 93527 97244 98613 98831 
65127 71554 23488 35915 54973 45486 61724 81949 14421 4248 
37759 33902 65725 25736 79486 83496 88554 91872 99007 99345 
99438 41672 64551 1038 13096 6439 22570 73638 80147 86620 
93711 71036 18002 18995 41280 68847 45300 41194 61794 18592 
63223 64481 79726 86220 87919 95506 8619 58942 77196 44840 
51129 80712 45263 91288 91493 44735 48236 67410 82316 90202 
92326 40242 51327 21887 29767 75589 9494 40070 80693 80700 
18510 75014 34369 59834 21758 41314 60213 83681 89069 94473 
95413 31829 58967 60838 61459 10403 25426 49962 60432 67646 
61727 66986 70161 76670 81827 76948 30300 17341 42414 58505 
6410 33781 80392 793 10346 21740 57131 49366 56602 70180 
13179 37859 7771 72176 75942 78889 80426 74054 74792 33066 
25219 44564 44954 47139 22376 71709 77578 80825 16468 50407 
58051 66601 73169 77625 80881 85992 91495 25542 28048 63480 
1340 1484 42753 23344 25607 30871 57626 69097 96143 20331 
22085 59443 75187 16583 16758 19975 47504 856 21558 49824 
54379 81247 29559 1178 20980 14280 36405 61947 65381 69237 
50830 77761 46290 8456 21742 26324 48153 54372 64495 79101 
79783 89752 94834 98137 35182 62670 7500 18753 28846 35962 
45430 47148 61879 69589 98778 16385 18212 13492 87939 66238 
78886 46021 48949 81272 22989 73757 13030 21910 64963 67402 
84116 13313 66142 84552 86706 91253 8931 16377 16431 21182 
66612 68691 92335 14970 15839 18146 30343 6086 7365 32225 
88676 93873 94662 35733 18028 51050 8569 35166 129 7664 
14812 47410 69402 29733 31558 44478 36813 40489 63895 51582 
56920 57995 40959 65316 80273 59106 61808 81156 81544 82623 
1794 60076 16848 70220 21270 34876 56436 57827 72073 16062 
65491 13451 72918 55541 74060 19437 21971 27447 62460 74281 
82287 85525 95644 3667 42754 97730 98118 99211 99222 99620 
44422 67353 34068 69976 14948 7599 35429 57121 80387 84201 
85048 52455 47520 53305 8847 9175 38153 44636 65600 87204 
18784 41919 40072 67395 26501 44713 53667 60092 74780 77050 
9272 44469 61607 9825 30797 37159 38396 63686 68459 78638 
87987 59547 65251 72089 95675 96791 97288 37814 41924 77982 
79653 18974 22394 47048 82321 64629 75962 42412 24405 34614 
63774 76207 9881 22451 50030 79083 82486 89901 93755 97701 
99756 41457 9673 49842 9389 71855 78480 23442 36627 3096 
27420 55135 62746 66496 72814 56398 56501 76367 77529 85495 
773 91012 57297 59714 12681 17843 67155 86448 31898 13881 
54579 63723 77076 77310 12907 65283 50778 59084 73112 80604 
93805 3386 16003 94550 95392 65707 30150 55249 57283 57915 
62614 66778 49062 62170 74408 80915 17143 1050 6522 17629 
31510 55405 30468 11585 41706 48833 61102 78095 96365 13957 
49041 55493 46312 49695 45163 65798 68779 92149 16765 23330 
44793 79079 14090 41249 79379 82836 22338 22888 53966 60488 
88357 59831 37942 70201 79649 81786 90299 94645 95949 4250 
96792 4621 12752 30965 59457 62185 78550 96793 61910 21386 
27531 36694 17117 67136 69930 90851 97012 97599 40194 48032 
58338 77831 79443 84798 39274 46171 83655 32122 5425 29007 
45926 42153 66528 67611 1610 14928 51317 22583 28292 64986 
60321 65034 74183 77438 79280 92281 3967 39348 45690 24146 
79866 64020 19942 46183 67740 75568 81798 4375 37713 37846 
72654 78079 92354 93050 95200 96280 24815 39225 21614 36764 
57838 76970 72385 6894 37192 11496 2094 13873 35074 39041 
54371 74524 79236 86600 66234 59609 83375 90665 26013 20432 
24807 10342 29794 32263 92081 97086 97829 97849 98851 71179 
76958 38230 74044 87322 25349 45124 48569 63571 78794 80742 
90274 9742 17934 33165 22769 17661 40183 46617 87008 91419 
43201 54372 21926 55889 81902 84361 7888 9176 38448 8181 
15406 46412 63693 76371 53967 89451 94311 95232 38978 33166 
62718 76411 79231 10697 26694 5189 22866 28359 29208 40792 
54453 61987 82591 82683 87811 10264 24948 15078 23259 49753 
63396 73382 13446 78803 83765 84606 86023 89550 95668 95786 
72197 88496 93658 98075 99005 72385 10398 21809 43957 76249 
93926 62601 98411 99246 99765 99795 1802 14906 15054 24957 
29802 54518 64807 66406 25334 9563 40541 22261 50805 64893 
62705 53389 65233 74156 40921 75243 51493 67671 78304 78370 
44888 37024 56408 50335 68608 10280 66515 78482 89654 94605 
59404 83061 16000 52292 69780 9185 41915 74255 10986 6809 
59991 41576 69977 16819 32682 33823 76550 79468 1494 49600 
74319 84664 84746 33389 24590 42927 26346 7457 53207 65106 
5231 17389 78541 73875 85034 86624 90141 91042 49248 91656 
97774 980 19225 60564 41543 17799 68260 91368 18816 43038 
45198 55328 6758 17293 31823 52414 5621 13281 58235 514 
39628 82044 57017 77503 85548 87276 93135 95598 95810 13232 
19968 20928 36716 4600 20948 24766 46143 55100 56506 57790 
5533 73916 81915 13765 30090 35817 39178 59723 83403 98414 
98465 58304 99351 56368 57940 60204 76941 31884 53858 73826 
69164 77893 79478 12077 11127 25670 49402 66788 8419 3505 
72847 74572 1772 31862 35636 72602 80106 82579 91125 63602 
48909 7289 57217 61564 77354 17421 27965 13941 59488 24505 
28506 14684 34821 37381 47137 31507 42163 24742 27280 56935 
60492 65657 70647 80009 82561 86543 91585 11314 12034 5061 
29356 7272 12350 50522 51092 84626 51847 71625 84865 92359 
93875 5580 20623 5820 10815 50438 7373 52978 62187 85343 
18219 8013 52957 55233 83198 94072 31597 8860 5870 15342 
16132 16097 20403 49105 63152 17110 52054 57817 67189 1219 
18928 26016 88736 94556 96131 97123 60994 5761 81364 82811 
75436 88631 98387 99438 25756 60544 10709 16579 7854 23697 
44609 48909 49028 76159 81394 16217 93715 3592 67884 84623 
87542 6150 4811 19903 25497 14561 23337 23885 33197 40526 
2613 6349 23344 28320 45998 47524 23937 16859 78772 83888 
49790 86626 15170 47588 47739 57655 70593 74316 25539 48714 
85449 19439 48833 1526 10205 9144 59755 61289 68617 89042 
89199 93506 93900 34045 87220 19520 41810 71108 11398 52732 
91243 16949 18874 94222 96119 97018 98504 71134 55366 25004 
30499 72991 6150 4943 15468 22084 40964 44443 23610 64698 
78385 81784 99465 34624 52384 12127 58354 40989 3370 45815 
73565 88257 35248 59863 38867 10260 39402 78056 90514 44138 
67399 31778 38896 41019 54364 62137 11681 63103 67080 80223 
17831 86714 29614 17487 32555 55881 74200 87144 92045 41551 
1479 49336 46929 61342 68287 75153 86331 69561 87955 94722 
36960 38126 96352 97592 54264 5964 79145 3163 14307 17645 
28963 42249 17804 51828 69315 82529 1303 15281 34175 46792 
52070 14230 6584 13348 27899 31431 35654 64618 90037 72133 
92497 15124 10260 29458 5757 44907 49255 43789 48006 71572 
74448 89217 14523 57398 12837 26713 67216 39317 44404 32816 
58347 81259 82289 84822 92187 92252 93321 97655 7621 32178 
36413 46186 53431 86284 61960 14691 18653 38354 58480 66660 
67013 32928 72583 29981 40174 5522 41533 73046 76333 47745 
86782 31186 51147 70630 23373 74165 87062 38497 62212 37219 
54713 62471 68429 15902 30593 67609 78846 83405 86262 88688 
69274 89073 89343 95441 96544 67482 79887 86878 97480 97798 
99097 99656 99801 99828 99888 4962 25021 41528 54398 9802 
42181 51090 58848 25586 80867 21696 20785 48476 91103 96377 
27122 36717 62033 65476 66848 53443 61715 80680 67558 82511 
12810 18534 36776 40237 54930 56511 72925 75491 20007 7748 
25540 61473 61945 84388 88615 97946 98128 98677 13540 18133 
14783 20885 40662 73954 22490 68331 8271 557 15037 46222 
55143 62311 72631 8716 55274 11785 54033 79553 81108 81631 
34256 40380 9618 18644 76079 81046 10488 50841 86998 87915 
88079 89611 97394 99082 99349 19884 28474 51017 26688 22512 
36793 41002 23457 22111 30783 51830 78428 24853 35242 35404 
60828 67964 1499 50658 4657 50823 53259 31497 55091 58441 
69660 71877 69271 76574 89578 92496 5507 18981 41493 42300 
87472 92691 93474 65910 53085 15316 17587 59434 66937 10387 
36614 67073 69182 88628 74735 32654 56883 57742 77563 89239 
89873 51242 64313 77468 4701 46739 48629 12825 52246 14083 
9011 9103 10898 21381 64185 67610 24502 45752 51735 55320 
75949 76713 84021 91095 94130 24741 28805 40005 67810 42545 
45596 77811 23065 23210 69279 85258 35541 26529 45992 39450 
54755 64906 65653 71840 86156 58707 27842 78989 87034 94574 
49364 2111 630 11556 19829 50803 53918 74301 76186 33314 
21782 38263 42677 57419 61199 28309 47356 61474 79366 79608 
83209 17183 69076 54022 84116 87503 89116 95929 46210 63848 
9199 26181 28024 45771 74105 40015 54089 64205 33456 56743 
66307 92535 26548 3433 25336 49545 53645 56077 71719 9867 
21896 44299 30558 22364 42350 61482 71976 82859 34553 43828 
72429 69379 82172 91714 94877 7105 47480 49649 95560 96575 
96918 22674 58725 69166 19934 14802 34587 18008 37074 48011 
62307 67399 8262 11552 23789 40851 50612 10201 37771 14527 
58679 70699 72835 61106 83906 87529 8586 56096 45468 46781 
54704 61277 64953 29781 32307 35639 48806 2233 38519 11875 
53647 60936 84711 87628 90856 95818 11585 13745 26796 50386 
15572 57675 4234 29627 13378 21693 46631 53752 57934 60587 
72424 75290 76850 96263 5072 34623 42008 51204 21203 44241 
66008 53510 82760 94235 5688 7913 25959 29541 59639 18887 
26782 48415 58300 69107 1068 32606 7773 28360 19916 54821 
56933 14622 3650 31501 5604 8722 47066 63595 70393 1670 
35826 49845 91082 94395 95298 60241 2906 4882 31647 17106 
54490 63182 78499 96968 15192 45513 61309 16130 21426 71706 
39476 2876 49786 53437 55480 2895 66471 78511 17517 78392 
38273 69695 85946 53132 75384 83774 731 5818 23383 36573 
40490 55831 69000 82082 84584 87231 87616 88427 90910 91623 
10486 2932 13751 40697 63455 94523 2018 5827 39696 85002 
88997 9392 23275 91295 1128 26858 40863 8940 79848 95263 
96574 97301 14381 1344 14788 54793 70828 71019 26625 29274 
61739 87704 17807 18788 90081 93013 93181 97705 98421 99213 
50566 25919 39010 54888 21182 65868 80632 17382 81760 6772 
19401 36674 36681 38976 48707 51470 54371 3290 25199 4542 
44651 77917 91161 22078 51352 3988 66514 94623 19180 65781 
12983 85976 28247 68345 71053 90421 97247 99383 99457 35476 
8142 18917 41727 22355 19958 12645 32772 42041 61175 40852 
73648 74324 77614 78401 99516 5221 39464 52527 2469 67397 
65418 31804 69725 74997 149 37563 52823 38341 50715 79622 
80106 53008 14891 62835 24011 36320 56932 87196 92442 4611 
10644 26657 34094 57779 65364 20656 69570 25387 70586 88053 
16736 89407 93242 97972 26132 4780 37712 51329 52209 72103 
48183 89671 15122 52506 770 63074 20006 29600 37091 45878 
64087 75231 41189 63695 5706 49617 54251 85050 88887 10112 
18477 8092 46948 67891 6598 42031 38576 56346 24908 43356 
57701 63951 52518 32809 56930 73091 74280 84511 4261 11144 
88876 91356 92869 61382 48141 63751 76634 82172 21293 39498 
82340 22141 47590 68241 16263 69105 24033 33042 44821 70541 
24319 25124 63745 67389 74285 74302 76695 9516 5140 16316 
20577 23617 82020 13725 84748 92452 93148 60074 70282 93829 
97222 98506 99693 2140 45574 60616 85172 90075 9205 21789 
32881 69270 4522 21198 17266 33016 46913 15638 37515 49279 
25155 70771 10740 26255 74444 76594 87637 94968 19516 52075 
29540 29825 32942 45648 64063 67810 14713 16865 29043 23918 
42756 50832 73485 78517 65974 34131 35296 38445 49769 57755 
28527 89163 58550 17531 55619 63607 68129 5168 18526 24369 
82832 12657 85584 86369 88501 91276 92124 38438 21761 67488 
13533 18321 29637 30398 32418 70529 73263 4966 67714 36837 
47003 24395 38279 56877 79516 55811 80015 80881 66755 4151 
9237 11958 16808 62915 77331 75358 81442 84868 34244 64973 
65366 68917 78507 94837 14168 17687 25257 12633 1754 22491 
33116 69494 49747 11820 24125 53380 74983 10782 33139 34615 
29167 37290 52887 54098 60204 34329 38918 45809 72163 73620 
79936 5641 10885 47251 22241 74783 89514 55357 69742 92471 
76002 37723 55588 69208 79713 81029 84342 87470 94225 95003 
97043 97745 98351 18861 21908 42428 53191 84069 87157 98642 
64096 6726 16845 25947 31942 48188 94852 98710 3546 5778 
4240 9774 50190 53137 1844 58315 62138 76363 78982 576 
6883 29901 60172 15570 74693 2728 12954 24579 13375 48576 
61508 63638 79033 79686 36580 16528 41425 5521 32077 54126 
41851 55712 74024 37186 77842 78265 89586 93450 94198 90236 
98718 99197 45794 31217 44182 50408 58584 50297 73488 8561 
11805 63683 5255 11443 74361 23478 34425 38136 52868 54012 
8450 24648 3067 28417 46806 64993 10923 11856 20687 39647 
54718 65603 70213 74742 1581 9176 77684 80299 34200 51878 
69528 82664 86864 94370 14886 85291 41286 23427 39638 66544 
88860 7154 4444 38409 48088 4012 29093 51155 61872 15869 
66132 90802 38804 10921 32237 6390 33818 71091 80862 2049 
45122 58896 65732 67375 70035 72259 74935 89055 93407 93640 
95395 795 9667 887 28816 30481 39204 46332 53987 59569 
62974 15860 22223 64449 89004 91790 96442 97324 20588 56931 
3153 16668 75737 82062 27346 47997 52098 66128 82401 84450 
98267 99294 17382 29634 16834 37910 63166 68391 74078 38730 
89203 50011 56577 30558 35391 69998 70942 80993 81745 91982 
11457 66195 66679 31561 58284 22633 44030 65432 75580 25786 
87728 41734 46312 46421 78922 24047 8556 14112 38087 68965 
74920 84222 88492 93517 93331 94990 30381 49908 72601 79552 
12504 43426 20384 35358 47072 62099 80392 32023 59369 60417 
83468 18162 44183 43242 46132 46706 48909 69092 85156 95740 
97807 25173 28706 11013 35375 51060 56070 66545 25329 4725 
31148 38393 56681 57962 83177 19913 24032 31795 12498 47236 
64438 69311 79282 85843 86819 90103 94538 26876 25773 42195 
94853 94967 97794 6549 52695 66523 11582 66711 64505 77868 
89099 53527 44942 75395 33358 37240 2035 20177 51397 78718 
44688 22903 62108 67413 52945 2493 54698 65903 79911 81318 
82122 6434 2982 8429 20400 58712 1550 55997 67315 70294 
75140 76843 5886 31393 38137 64735 64751 82612 83122 43126 
61746 37079 52341 42901 48605 66029 80792 84928 89447 92188 
92779 12113 14974 20542 33372 51680 22819 73686 6486 60332 
95683 96620 98945 99298 8016 9706 39409 13902 53308 64176 
34150 50453 57028 65456 70186 80603 657 71452 76488 79470 
82755 94238 12126 9212 30650 91583 97277 32756 24161 59583 
69821 64172 13111 71754 81759 24762 37479 68297 37604 37957 
51382 72147 88410 91619 92193 92660 14980 40660 69568 70861 
36483 44418 63806 68795 71518 1971 15797 72896 88622 89371 
48205 92742 5603 77668 94631 97057 15148 26959 61039 11431 
3759 15348 7644 23325 82882 85721 18227 47424 4148 45181 
70162 81664 82292 1100 42434 55310 26857 15331 62299 71107 
28740 73078 73677 4525 50695 73302 59256 35259 36025 37842 
49991 64269 69543 73316 76803 84061 84306 88168 83392 91529 
92605 38848 69907 17166 25217 32313 49408 12676 64739 70013 
79984 9831 59170 85755 32425 60527 41148 62972 80047 86168 
90621 67684 76258 73944 26940 60011 80808 67893 74365 81652 
81908 51559 79922 83322 86709 91139 4443 23352 5805 46272 
93128 61674 30626 70459 91560 7505 41892 50506 48654 57052 
1129 36953 50616 56145 60928 74219 17811 35213 37292 21537 
33218 51596 68273 77556 82931 94070 94080 49679 2055 63 
2391 22090 7975 33017 51631 56694 56875 81596 5529 59108 
71880 88948 94258 94937 95677 97222 98116 99251 99425 99556 
99595 99715 35088 893 19952 27222 30374 68978 3420 8818 
95151 27561 35829 3189 55051 60578 17453 21596 25078 15238 
39334 54298 25873 17361 46735 70673 48693 73695 74982 80704 
82441 23893 15002 72791 9095 24137 4916 32247 27398 30086 
39469 34577 38964 14292 57647 58505 59241 77694 9956 22930 
52031 7717 60806 80101 92364 93493 95214 51727 2137 10811 
3175 5362 24678 36716 51887 50125 68963 80869 89594 90123 
6222 32223 48835 51677 70168 10182 19968 40800 79479 9183 
16900 42898 67441 69206 90283 57162 5036 58331 32199 64806 
88923 91335 96361 97588 4912 23236 48317 48948 51086 54263 
92199 98192 19450 35249 5884 15281 56589 63036 66771 72219 
73407 75308 5471 40848 63488 48535 63706 80154 31481 53811 
27325 33646 61313 85094 25518 34321 54718 85373 7895 63269 
11887 60803 1421 68182 7305 41123 80253 85407 86693 90187 
94500 54854 57988 75264 84638 3390 38047 65720 37080 39493 
26396 54907 878 2740 58512 73139 73553 73810 32936 92834 
93594 21614 93739 94593 22716 2231 19671 62737 86984 90344 
96014 97087 97654 11420 39493 40060 79013 33666 5014 32788 
33953 59235 23444 59921 94459 97980 18075 52824 76415 9786 
2088 6256 19442 25703 14455 27870 73195 28370 50478 77592 
90607 91143 50502 62230 87527 94090 98309 3961 44962 77310 
92906 26450 56267 18711 47101 24515 17020 28424 52884 59248 
60117 7889 14381 26604 34680 53157 40519 57411 62550 68889 
78587 80234 25684 62979 81084 13482 37422 43759 74796 83911 
84964 63872 70063 84459 87873 23163 40341 5795 9577 43707 
46662 72131 88164 88774 18897 37472 47029 53671 55223 59417 
2324 28306 44360 7638 68707 71271 85713 86327 12268 37583 
41808 41894 62460 22118 26267 71105 82331 88120 89618 74810 
88389 93252 95267 96457 2014 11803 45885 83687 65596 15879 
55262 64186 71220 40500 2917 18299 23517 49245 22771 60989 
64665 73257 73939 71940 82308 8575 43045 86784 92915 52650 
53985 70198 8917 13280 46891 54802 75047 84039 44607 39341 
62619 64069 78498 84078 86065 13122 18367 31579 74529 4100 
53622 54351 35368 38504 40905 52282 68965 303 77209 79356 
69305 74438 88464 93853 29798 37681 58568 29080 42646 65728 
90757 81987 91700 94574 94902 962 8227 27152 14084 43199 
10497 13902 67706 36340 49270 69592 84274 13550 87775 88566 
95267 97974 98947 73346 76543 35111 53051 56760 82131 91031 
2910 33769 73831 76097 5387 60382 10982 22794 14567 25066 
47267 49574 9125 10440 19166 45465 46016 61169 65300 73168 
75367 77009 77381 38164 53924 85978 87716 91215 93667 94109 
99017 51200 53031 63530 23912 63051 91946 45770 74033 24576 
15451 43282 4451 55138 89212 31243 71737 25771 36673 45810 
26193 61761 23121 12171 55495 84957 86394 8686 14336 31159 
4034 39302 47008 55306 67564 89181 90657 51320 91476 96014 
93051 61221 63001 2150 15406 59188 68531 80282 12213 25164 
47924 22152 10121 38406 66657 49594 66930 72463 88544 94602 
11765 37902 821 8540 20451 14101 51881 58795 59709 54310 
65421 73102 31884 34034 8134 41633 76376 84316 5587 12651 
29386 38930 51074 39124 44092 84144 87487 88718 23537 62598 
3803 51655 69000 69669 88458 92016 95435 96999 97040 67661 
74824 87065 97611 99497 25787 28698 33579 45871 63174 72509 
75257 75686 43259 18373 21725 31302 26828 30557 36372 38541 
50366 50712 59402 78097 3830 6831 22713 29296 29662 91394 
92177 53604 4279 30325 65090 28832 12856 9830 20969 21247 
36654 57128 75375 87389 87844 15439 42820 60134 88610 40319 
40098 15388 18231 530 25977 40441 7361 70103 6706 9168 
27544 31237 71625 77914 82157 19129 45276 53289 88148 89729 
67800 8707 3745 27115 66281 70560 81931 6303 13381 107 
3110 24146 34691 55528 6833 59904 30547 46359 48646 60668 
74443 78586 79883 87249 57797 73821 8960 11086 28362 48337 
1975 26645 30779 22072 48044 18604 53760 57361 65411 71278 
83086 89831 90888 8512 17119 27704 71858 85532 28292 34178 
47666 14061 38461 57233 62295 90415 93933 96506 97537 7896 
28031 1272 35367 39696 83411 85034 18368 57736 47624 55505 
66705 29326 34505 54190 68391 74457 78561 39723 49528 68977 
73901 85510 86827 4315 4858 32633 54309 46563 2589 61529 
75470 76173 87989 73651 10427 37720 49142 39146 35970 44596 
56088 72739 74595 90275 93094 44465 62083 68565 540 22728 
46560 53894 1518 34549 74442 78757 80680 71282 83534 84258 
21768 30821 40433 63105 72551 86124 795 10859 21694 66946 
6092 55456 74016 94505 95170 39559 6548 18554 64660 7089 
92998 95966 96095 22672 36425 90460 28345 59153 73995 23213 
43411 43731 60119 11409 12353 16283 16904 54329 74233 78355 
80626 92992 799 29140 57104 95021 41458 43898 34457 77907 
80004 12814 64476 1328 49239 74016 87093 8392 54823 57154 
46234 31294 35030 48198 58741 67665 68156 71094 5680 10659 
21994 66691 70667 75960 12184 62784 78973 42789 53642 84714 
87819 88099 91299 6929 26316 57378 58235 59296 63915 14119 
65771 9020 50279 917 61766 65886 68582 78467 2276 80114 
85804 77115 12806 73620 89296 90774 91787 51084 55799 78181 
91943 94320 96895 61233 38718 65294 97318 97883 18589 35821 
1707 28485 38722 88443 18976 56084 812 3911 16568 27192 
35196 44209 24492 51335 64094 1607 2969 64141 90251 20839 
7168 19018 53295 58768 96140 98014 98144 23759 41261 7191 
588 46057 50597 1131 68657 72102 65226 87633 98424 99297 
99545 99661 99763 99765 26717 52253 17760 53572 13900 30052 
30342 55222 57615 65712 83547 18488 23449 76102 89188 90763 
14449 21220 12491 22159 24794 19683 28780 39642 56137 36676 
47007 51454 59794 40370 40481 67607 71765 85367 95551 59703 
15619 26461 7998 14425 15519 21541 34007 42286 27081 47799 
60853 68999 42187 64972 4615 8013 8229 53145 72194 83218 
84376 68460 35830 72538 37128 18308 19789 46028 5156 30252 
37682 76829 77938 89195 89821 95592 80985 10792 19358 17082 
44688 4391 16652 45820 90001 17519 24665 31759 92938 73867 
1895 73947 25522 54078 63142 78274 83984 94162 18704 90007 
37213 43187 47551 28967 32078 17855 41198 48856 56386 95376 
96583 96889 20344 94399 3689 10178 33154 38655 15884 21208 
32818 39456 41937 87362 9886 11428 37253 55957 24363 83753 
95378 48474 15981 28695 60689 67551 16315 32110 33797 44948 
45125 31135 45706 47847 51307 58025 65747 78544 83780 86246 
32950 36298 26412 48551 60282 66104 86956 13887 24560 18248 
36403 3823 1137 2151 8926 14891 18132 48237 69844 30740 
51287 52285 79432 132 82422 27547 29897 27679 58546 74510 
53323 40916 16010 4618 43086 55728 60630 61854 90825 92798 
67187 16093 58260 71572 30985 90075 93671 93885 95481 97638 
99385 39647 63812 67436 14410 39779 35133 30641 42434 60235 
13339 37818 47096 70114 416 6534 17957 25909 59858 72159 
75225 47782 85248 10696 43509 35589 54209 78769 88252 93547 
98535 16529 54057 55366 10188 15065 40830 59489 73851 82902 
39039 43965 7413 7961 78648 17495 14457 30300 42270 88547 
2744 2968 25390 7572 8501 46253 54292 59514 73301 59930 
87271 2737 65811 58120 76459 7876 61481 68308 80417 20491 
25490 42045 56103 81728 85639 87711 90158 94622 50876 56199 
2621 56535 59167 15600 56913 11537 21884 26254 65414 66740 
2536 69037 75631 88126 24029 73720 3224 23035 42028 1304 
51599 8381 24054 9160 20714 20823 43349 46104 16398 2304 
21623 24244 59863 61471 62924 44563 46617 81157 83871 31961 
58154 87169 26791 20088 73754 2211 5854 4629 10206 47474 
5933 6077 61805 65634 85053 89705 90118 53023 72896 12770 
53367 15648 75200 82898 91147 95347 96111 45762 13800 70646 
28800 84756 86428 18906 82202 90814 8760 82732 92219 22736 
11016 19133 86917 88586 27055 12163 37807 75914 84767 89128 
1547 2255 5037 10709 58404 9280 51090 66888 21736 39433 
69218 70326 71631 73465 77492 66559 8861 68526 69711 83749 
85794 95061 13862 1258 84481 85692 29774 38640 47155 24835 
65696 79078 84115 2987 51897 55934 58871 84303 25585 10111 
5675 23937 7964 25484 28183 41076 41504 64186 75387 50798 
52935 52102 58298 60343 62928 78637 84504 86812 91576 1924 
26233 3397 26701 35148 41575 57272 93960 95778 96848 97587 
99114 99761 99800 57859 5577 68553 88129 22547 94138 63112 
4755 55614 61288 14619 15957 24216 61684 93229 97316 98240 
5698 58575 27638 37747 48751 50215 50675 53612 67961 2250 
37104 39679 14760 39581 42474 32375 42865 45158 59234 60994 
63821 4154 9862 14440 30500 30398 44722 45119 49477 63838 
31912 64545 67667 68816 72865 17937 80663 31339 84725 92701 
81511 41930 64968 66643 84795 93778 96171 3224 43021 46606 
1847 56561 64761 16287 18892 21789 46685 64012 77067 33167 
28221 48031 4812 52164 72900 83276 62511 84353 85476 87619 
88392 5117 17962 23043 61127 20906 82930 94483 13086 24693 
63927 65774 69539 96626 97343 556 31978 12342 61451 84747 
24825 34351 40511 40882 4947 55516 57344 76725 35700 6863 
41216 48571 83810 87967 88718 18296 8873 24107 35965 37085 
6624 42989 54927 59400 33100 69582 20758 69693 31145 70682 
72427 72801 283 9826 14773 37364 51473 11060 14714 14935 
17923 57146 50414 59100 63506 63593 81848 12852 76699 20293 
30010 20779 41231 43270 49500 81889 83208 18871 50768 37970 
83534 10047 19818 42935 47782 59570 947 33068 41172 56107 
73535 83869 90473 96827 3658 77971 58891 63977 64138 67121 
14177 29990 33967 57447 76384 77531 78142 29647 31098 73946 
11641 11916 31319 45825 21622 5395 41366 48087 35764 2597 
22569 38645 54815 57792 17146 74610 78401 82538 86538 86651 
87439 33419 5233 17623 21992 43824 2321 4275 46301 72355 
88025 65648 29552 4994 22456 22657 52990 44279 58385 64738 
74570 34602 32149 40993 59991 83200 90813 9832 29355 4599 
22756 65314 77289 82933 93109 98197 98414 20176 21183 22331 
36841 28348 35763 55751 61193 19051 56075 59298 74772 80644 
81338 18603 34129 40636 75948 85627 16129 20945 85409 91590 
8166 25544 51729 7451 75084 93418 23300 24359 17425 50268 
27813 61895 89528 8707 26370 63576 2020 38348 45989 60361 
73751 82664 87934 90243 95094 22369 12599 31242 52188 70065 
84655 94084 94583 96470 11236 18386 62165 15853 4640 12434 
26324 40247 42745 92547 97453 98539 98715 73687 21872 48628 
59531 59611 60595 74876 99170 18342 49694 30506 44759 47293 
58342 49054 9483 39342 57728 67115 69662 71648 2339 434 
16826 21466 34544 40682 76014 77210 84196 45980 48224 52086 
17066 24108 29677 53714 84329 28941 49550 13983 10207 44320 
59448 65448 74846 80675 90753 93119 23630 47616 55978 56412 
56808 89817 32366 13446 36171 7008 27329 43052 78275 6237 
59095 91906 92156 35914 40828 78346 58373 64856 16242 19694 
40656 48715 15502 47479 16184 24824 50029 58922 64807 21615 
37296 44926 45804 72162 75373 83267 51830 59924 41379 81733 
88856 92513 97450 99046 99264 42437 32961 64739 70620 78894 
13671 6666 21747 4174 53601 14479 56695 69785 73302 16865 
3627 3226 17253 41471 41947 49848 8836 9772 50215 59684 
77951 77954 95638 28256 66559 78502 40292 15872 73748 18033 
13900 16905 44368 3554 67386 24081 70506 78806 97715 97832 
98028 36342 6058 18169 47277 86079 5424 1705 14894 23249 
55805 1203 65110 72670 79294 30526 55581 69805 71453 72167 
77009 96057 96120 97125 5259 56536 21994 23293 32574 47518 
36964 66602 69033 75930 65687 75091 84241 4749 61808 13976 
20967 33965 34579 22987 38522 50742 71448 4385 44103 49175 
16270 51263 66373 21694 68078 73337 78568 87521 89986 62654 
62903 39508 10421 49947 50540 70475 3583 30952 48259 37290 
38844 7749 8738 20937 43924 58680 59480 69226 70620 74251 
5217 30680 36205 73295 79417 92460 31822 4579 46633 43263 
54205 67482 83729 43751 10065 77903 78307 8362 41017 57336 
86716 93210 63732 78274 18041 38550 62877 75938 76722 77395 
19017 56139 82612 82812 9620 55908 71719 14200 18893 83028 
53666 62156 81682 83109 86820 87045 93940 96208 96630 97718 
97912 98591 18138 2806 30968 50476 68518 45878 17731 45240 
48496 63266 65684 69519 20903 83866 91020 3611 20283 5721 
3393 15540 24038 37031 57059 93486 19 37143 51785 57654 
8321 13359 58245 58797 60665 22991 7345 43667 9817 5259 
42496 46551 60460 60680 72047 1049 6538 43894 57334 25088 
59921 80530 47161 75461 83923 91211 22189 10830 45172 47209 
62390 69075 3541 12580 26729 47032 51900 71882 59131 90699 
95424 29864 68948 35302 57348 69735 77298 60086 63886 65978 
23807 36139 76078 15621 76353 27397 33688 44518 44824 48186 
47846 9873 29945 35266 56674 62841 67013 74607 573 8692 
23330 8630 12884 38957 76567 83300 85990 94699 95548 95959 
36165 66353 29394 1997 12518 16482 33181 62558 70024 20353 
23428 53373 61024 77658 83195 4644 10047 9993 2967 44136 
63854 39229 41924 83818 58427 3767 66969 69311 92449 93068 
96290 97042 98011 99409 28889 35832 32369 67341 14876 10027 
22411 42312 42765 68250 71051 91448 93017 27830 35380 94649 
13603 11648 21075 4097 17307 22862 55893 61726 78877 1281 
41193 30189 1300 58527 58062 74541 83521 6783 16810 6321 
37989 52866 65438 83910 7750 37468 47835 32117 54868 15737 
18331 21209 43738 46086 59483 71555 87862 92173 43064 49718 
92295 8245 42937 93576 17740 33830 41418 82659 86093 48625 
22605 24062 79407 89442 10467 89500 94876 97616 34563 67216 
14112 73086 1423 10647 15332 57850 22037 56525 57811 65515 
22229 22595 24391 47193 51387 20386 46204 58222 62616 16376 
16145 51999 64771 74604 75962 81454 97001 98374 99535 1779 
17088 25270 15132 30261 4463 17784 30464 35917 3341 42853 
22728 24307 25937 43335 48698 7174 22303 19334 23272 15587 
42689 39957 31963 58834 62289 63712 70544 71333 73130 75595 
25305 40438 10123 47998 79862 30939 83915 1700 73792 87254 
90596 93647 19915 32885 6015 46797 53334 18326 41701 70070 
75637 29387 85657 33294 8028 20869 33470 33972 51603 43597 
56996 71741 7948 39092 78078 82302 9017 9915 26346 82809 
91863 93513 96520 56285 66179 44058 73249 32489 30480 46600 
48887 83565 88546 25978 77078 367 3682 26901 82813 13988 
59025 56415 63632 6063 34494 37995 71580 59863 79795 80694 
82551 83897 88460 92339 97260 98099 16695 81147 48032 31666 
47175 64466 85066 40357 41462 68363 40725 95182 96016 29185 
68613 78848 85188 36447 50428 51164 85601 30224 89160 27973 
194 36287 71687 78617 86206 96310 61020 94196 96714 20564 
8196 23047 46151 58663 61127 30963 15746 27234 32873 64509 
69002 1486 26163 58372 72771 75807 11171 60720 23168 23834 
74514 76592 86509 66445 27544 39846 54424 21127 867 48620 
18266 23635 25415 46682 62331 72114 73981 77267 15286 64713 
25393 37484 76769 38124 12209 23380 44500 63609 67908 78255 
59088 15196 59827 63566 84020 30603 92463 94430 95521 16153 
29206 35563 54911 57920 56427 2911 10656 20252 14682 26142 
75369 82246 89529 95576 24335 41415 97518 98133 98864 99227 
26944 23263 30800 44714 20154 45388 69208 35440 75991 62470 
5729 25866 23483 60972 66853 67946 87919 89708 48223 61367 
25383 48652 51134 14789 66283 85583 9779 56204 90619 53704 
92159 93504 93862 34924 6755 56183 79446 98418 34272 70364 
85507 10501 54662 62831 87018 23919 29684 32582 23546 59351 
35491 9130 48291 69208 80805 96881 11166 42462 23075 34621 
54486 48458 66532 48419 16791 16226 19096 20993 21566 2298 
2942 34547 57605 81302 81481 95989 96476 96943 30189 32452 
51064 15749 39746 16818 26451 51241 76546 78159 13294 28325 
62821 93703 11279 40666 65548 48624 59762 77480 13000 10662 
65416 70605 32228 84066 93706 96178 33034 41443 93066 12947 
44130 87985 3734 15316 20677 34236 37495 54975 65031 67141 
71414 88865 77083 26488 10492 50374 57151 61867 67209 79671 
37150 51292 76326 80209 24962 41874 67167 82730 85730 92260 
93356 94353 65948 95423 96999 97354 62079 55963 8330 69031 
19619 53440 69392 49463 79100 6614 29474 81486 86299 88009 
590 90175 86736 93113 23576 51495 53903 61574 78844 2788 
19458 8165 14563 14953 20958 41199 18574 45561 47015 3957 
49666 55009 78866 93269 46097 21415 39880 68921 75535 94054 
24156 56309 5309 63040 68798 82062 39054 84153 95843 97616 
99099 99251 99797 99883 99901 99922 21226 61493 9634 45550 
70892 76855 89325 33211 33220 39337 59271 27142 33427 51158 
70978 87261 90350 36396 18371 44646 45151 57425 69128 23582 
50486 36581 57023 91697 93285 27773 36340 5585 15667 2912 
12377 17098 26733 50475 63626 76296 68886 92846 93262 94441 
96467 62991 69617 92030 4340 53028 54267 14532 39263 61765 
36013 38114 11489 25220 36652 69814 72286 79001 51680 59276 
15857 49445 15798 21442 30641 8446 64207 70944 72072 72713 
83333 69126 74352 71810 75363 44744 76150 78999 85841 87128 
93521 97053 24081 60280 25232 64214 24224 64495 77086 88211 
53560 92256 5059 63201 34218 43760 69359 77805 81211 43359 
49878 64544 1004 35356 30707 50857 56260 79046 93205 96423 
97390 73117 13189 15146 38060 15606 72613 74022 84402 5700 
5446 21964 8488 50014 19373 23917 13530 28759 42706 68647 
74727 4813 17362 31468 61073 79760 7181 62175 27931 78429 
45436 41910 55061 67989 73848 11469 56955 61042 70144 79970 
83587 84571 15669 23862 59587 60589 91942 95712 96453 97627 
44016 67619 698 3458 61379 69230 59313 62302 79226 80883 
56287 30726 47154 48495 62813 20461 28466 53557 76162 90233 
27405 63468 82548 90606 94933 35921 27206 59490 70217 16675 
81542 25559 85214 85905 44995 55826 61572 49240 65830 85907 
86604 86938 88672 8501 20673 21778 54722 28963 65491 84813 
92299 95490 1599 32397 34821 66098 10663 70295 59804 83658 
15193 26332 12237 17765 68872 4703 73896 92206 93304 97089 
37728 42370 42473 44990 46379 63147 31193 67224 86291 2267 
49943 747 48460 66769 68368 66845 81809 83281 65467 76502 
84852 19067 19186 3916 24971 24588 31423 50692 744 11618 
38473 60344 62969 70444 86151 93945 96187 97375 98479 98644 
30935 34665 30649 47290 27019 10051 11463 18609 24516 28231 
30571 46422 51764 60743 61702 78425 82318 56152 2428 57746 
72258 18090 20616 57253 53509 58457 70673 83877 85331 15549 
41872 54982 90855 9988 18624 28597 40026 49196 56413 84610 
90064 93604 42 3414 17084 55404 64371 43889 39585 52982 
57087 23884 53211 33120 74028 75867 81839 44500 91578 94661 
26718 70005 57009 71376 76401 55549 26384 66997 90001 9551 
10994 61965 5655 68359 29107 71774 50850 69965 76125 77411 
95401 95594 98785 98830 53072 6202 43820 59838 37944 29813 
60214 23562 47943 59807 66553 67054 67768 54791 2506 9845 
72549 50163 58991 5550 67212 70865 71810 28957 43337 82961 
83543 54860 71114 76881 88796 90559 92401 14963 20840 77074 
83046 27308 36881 39473 87394 91530 93668 3750 17868 3614 
36726 55490 55595 23943 61040 66752 75340 23825 11892 18677 
26869 60353 82935 91776 93769 2894 37895 4959 56822 69210 
77663 18313 60740 8717 213 35267 81409 82033 42937 81065 
13948 23144 3607 5725 45751 79663 90261 93982 94939 14786 
16095 26718 39920 66256 21347 46821 51212 3643 52137 56171 
88900 54557 64649 82088 38507 24489 20489 82301 89824 59442 
6584 31102 63426 92636 28661 52136 9727 32702 79401 13433 
25822 32551 60387 75622 11323 33306 38795 56449 1159 5830 
42438 63460 82094 82295 51868 66563 81901 83247 7404 74537 
88709 93206 95419 7331 27930 26135 31713 35862 64415 86675 
9789 13318 3059 5292 44087 30734 76482 78036 89626 2878 
11705 31971 75679 92358 94194 25984 43899 75273 32609 76854 
29027 1097 37536 65216 67743 82677 7703 36358 59917 66368 
85601 94953 30788 1331 45395 54305 56929 61771 76129 96039 
97473 97658 97890 56680 59906 81258 579 63312 72883 33188 
35851 9449 34285 54282 71912 86539 93333 95050 98380 63962 
19824 42006 73810 74129 77771 87401 4917 58271 50746 53264 
34265 50205 61846 63530 64938 48356 90945 91493 13044 21239 
31797 9504 41065 61163 18953 63731 43907 30355 55015 67648 
24478 71038 75351 91525 16798 37860 59130 89782 90375 8838 
961 37328 4427 10016 28176 46886 52783 59398 86447 96680 
98288 99670 99849 84210 6477 35184 57959 12974 79760 23667 
81891 6370 84012 13409 21010 41611 43239 17093 27144 46559 
54421 86543 87398 95760 50942 5319 13872 27984 34653 37453 
1415 34711 39063 58848 96559 2478 63278 76936 90555 721 
16955 92604 6378 4354 7091 8937 28102 62317 55246 69289 
12528 53659 19006 50183 58141 25384 71052 79410 69720 84925 
20783 23988 91112 6055 45659 71725 92528 92969 97175 17893 
85837 10862 16299 91276 27383 17240 37005 15674 42822 14420 
86529 15410 78487 11892 34416 44891 3355 4427 59966 61619 
73075 85231 88914 1287 20772 47242 26171 26827 72490 72531 
81935 58822 63767 90425 93858 95084 11501 34880 37661 37761 
41031 908 22937 53171 57347 68433 8367 4264 17314 78557 
87587 20259 80141 87550 93691 95827 98368 99343 99879 55588 
10381 58328 38447 85555 90340 33286 63766 42859 63740 9235 
70947 25303 39380 13080 33792 48524 30394 37732 49433 46099 
70049 80621 81382 5444 20240 23741 32828 51290 7951 34685 
28160 49095 53480 55787 66607 82710 91627 6626 17975 73171 
43562 87192 42924 87247 21039 25935 56004 57872 2750 21222 
27921 28054 58771 3932 44025 49850 59304 77904 12784 17496 
39606 23903 3014 3912 40944 48125 51977 40148 67679 73933 
27340 74305 82678 86616 91661 92087 8775 58973 55980 74067 
15574 6129 11641 19741 28080 78075 83807 8795 19488 8181 
27928 55010 59599 23400 47294 65477 3253 7431 45880 77186 
81736 89380 11034 36969 75992 76189 89572 29589 37128 51514 
65355 81560 91288 38654 1226 1302 13051 24403 25274 52071 
3062 37585 15253 45506 79413 92801 93348 95397 36985 46085 
54675 7429 44174 627 4655 20166 36789 11454 53948 60600 
73240 34244 61731 2862 47680 6643 24244 10718 19695 28136 
6484 29362 57280 21737 74869 67670 76694 1841 76743 39181 
69668 72869 80076 33469 70258 19873 70295 83355 86315 88989 
17554 31673 25509 37014 57193 28177 43658 60055 38895 79705 
88192 91265 93161 96054 98943 30031 41498 69785 24821 31873 
4742 15745 35326 15452 29189 38211 42542 72873 76564 92797 
16086 17810 47567 56551 16607 54825 57947 14835 21151 41372 
86124 19455 38705 47877 56630 19276 63833 77908 94540 26133 
43391 4750 27938 30875 45856 60577 33939 85438 15929 3725 
26611 23979 9064 37887 16997 50978 59049 5088 19473 23899 
60146 18439 60845 66316 80301 83937 94427 95069 95841 11770 
33938 42817 56061 86710 96961 99358 19376 50221 81507 20481 
1584 5300 21389 55823 62340 54738 56568 64888 72630 74212 
48062 38154 23579 51409 61656 88787 62133 63992 66824 75447 
89895 52783 3825 18264 48175 53535 63691 23201 63979 65832 
1893 74852 53802 39635 80152 81627 92114 18690 25703 64753 
3711 7478 20351 36347 761 41866 47409 53656 84937 94373 
94521 37747 73220 30415 90368 94193 95798 1727 33746 62353 
76290 35640 42219 73084 74269 28071 75275 76579 8490 46762 
67922 70592 70938 18001 23637 24398 29851 71633 5504 50203 
71657 86000 95076 96247 63767 32823 92768 56418 26798 34550 
44896 27482 50992 40065 566 42785 350 54065 55926 62438 
15044 27059 27355 34056 63464 68409 81657 89015 91743 93051 
8675 13599 57452 64909 95099 98858 99452 99821 99893 99915 
99931 46246 19883 53598 25876 26226 32824 36801 78759 88513 
89241 16597 22997 38041 40098 82937 8507 83941 89690 64926 
92036 5635 18414 46187 26306 30662 68193 94388 95938 66513 
80914 90354 17149 43952 56941 2098 69829 16623 12407 27381 
66240 70302 78205 5501 42196 43630 49572 49865 10873 41902 
42920 37308 47537 48334 67056 89237 37179 40267 55963 36103 
36657 46974 80331 83065 13832 30661 50374 77107 58042 84134 
89515 90926 7965 91017 94552 99446 99477 6807 42513 49921 
50474 65061 52626 9128 12598 18027 23502 44298 46308 22919 
74647 3250 21621 33434 28899 35420 39851 6007 11874 17568 
40476 66081 2704 19839 21139 40257 47845 67942 82965 96174 
98255 9359 41213 11242 38309 67233 3917 29270 39022 61812 
76362 4334 38339 41890 55983 56193 37768 70789 73759 5022 
13021 71689 76796 77218 84731 96241 96509 28026 43918 42655 
52444 57325 67512 63777 68366 6676 50204 24377 56491 11865 
44646 68488 69571 78755 86536 40316 90257 96544 98357 98716 
99593 3100 25882 55496 72050 87245 29066 17810 20735 56980 
68291 69876 76817 10762 45184 50005 22623 6497 7732 18362 
36700 52378 68212 83355 12591 12881 25235 38914 50755 38096 
57259 63065 45376 34914 63978 73326 4956 13668 17592 47976 
83430 84919 88248 47686 55355 24158 41189 55062 55946 62794 
67320 77210 16185 31524 82401 86790 91184 92555 96710 83259 
44708 47003 35048 10763 5028 13713 27333 59651 78041 78799 
86325 2155 55470 86246 51926 11416 12573 31723 57511 90533 
71124 42121 45488 26387 39596 61673 61834 78162 70741 90740 
91720 17744 29663 37272 45077 67338 69421 63321 44356 16901 
25849 44729 45379 72193 139 1867 35262 57261 13905 30793 
52065 38865 62747 66985 72371 4848 19096 75578 78461 82670 
89837 90801 594 23934 41204 61861 69011 52662 84284 92440 
93417 12682 58105 22784 26007 46828 55571 15384 4584 9344 
46967 73791 20242 29289 43449 21220 38262 45705 43111 64801 
70990 88443 90744 94863 39730 53678 21492 24014 59909 80288 
90895 94924 95761 487 26696 42778 44422 86781 89746 95950 
921 5071 5130 8586 3134 46626 50772 64872 27779 62597 
71992 96126 1734 10046 21269 40481 12164 41464 59550 65479 
28179 35509 88426 90334 96283 98770 99349 99382 54739 86733 
10840 8156 11895 12816 89357 18696 3574 8867 49956 59443 
61612 58542 87816 89380 89550 17823 28743 24680 31015 12846 
13106 35429 5006 64707 20441 72656 9410 20053 75255 61988 
76759 77342 79960 36602 86497 92229 96163 28578 1096 64522 
93618 52422 15889 39417 55028 12765 51932 25830 60984 76612 
78463 88913 89718 19735 46795 13167 13430 44849 32322 6541 
49572 53982 11548 22989 11937 26504 27401 29371 35171 75335 
78727 33762 36533 91026 92726 97192 98214 29758 67624 70760 
14342 25789 42524 35250 46824 61876 64769 75306 76490 81411 
81848 91692 6029 9748 17966 30670 39119 53035 44470 58071 
2920 14993 51849 78460 95498 83768 84856 13710 13526 13724 
5417 68725 72402 3180 24004 37746 72743 79670 25497 38344 
19468 42846 62601 64401 71131 15745 37626 6280 27820 4286 
43437 43463 56135 62710 69014 72349 88774 94514 97965 98644 
98728 60807 9654 40027 90273 30474 64031 70665 25752 4977 
15969 46798 69157 73123 82397 93453 39680 72269 42274 55270 
10928 18533 45827 48554 2532 67063 13823 38194 6774 7986 
23050 24255 29675 40278 12603 16428 23128 15177 44665 64282 
77924 15590 4079 35152 44924 78327 81979 83117 90290 98101 
98787 99417 16919 25713 42308 21158 11195 28246 66612 9131 
35534 60561 84876 84944 64606 25968 6617 13365 34431 75088 
89765 90236 99549 99715 2835 5376 76598 40261 50943 9197 
1068 29196 52871 43133 62467 69907 70358 71379 73663 72608 
74030 74457 81737 41179 67857 81739 28488 59297 19356 22288 
3246 13217 65914 462 67210 70896 1094 3297 12847 72586 
77754 19689 23302 30267 73401 74064 25792 26935 61132 17317 
33740 75785 31832 68260 69191 84982 85770 87804 87857 10367 
9905 10754 58329 77927 77964 96688 30016 66903 97283 47425 
2534 24122 26370 79750 98377 99758 35564 3533 49547 21815 
26666 10996 37203 41684 47607 12209 59180 77255 40697 51266 
60648 67803 69902 43641 12670 13625 45112 45767 47829 55326 
8773 59842 31541 35143 62376 84116 86905 95221 10703 12414 
28521 39124 55869 75211 31401 50582 82142 97440 26622 51370 
51400 75189 19203 60705 62095 70613 5818 75720 81322 19361 
44388 3477 19118 65660 93993 96524 98189 21879 40780 65162 
13350 19132 3692 20638 38974 54274 66752 29835 68815 70375 
74925 14465 6100 26226 33142 44005 86932 97587 9102 17533 
24810 59646 5085 30893 35502 37363 43928 46537 51568 52772 
7238 35876 42845 86600 91114 17163 26371 72558 77930 85979 
91202 66440 46244 3288 33858 46336 34105 37142 52436 66960 
70146 75267 35547 37358 38208 84493 89212 91280 98172 99714 
99771 99969 7478 46515 69836 71441 12559 78995 56925 80031 
28698 64557 71616 82362 85118 67355 74904 25362 51910 64446 
97486 629 2617 24726 35513 3500 36177 65291 75856 79498 
42327 25744 54534 81836 81858 42805 21322 24492 24735 44704 
7097 9610 78248 79370 14826 52147 57573 23991 9484 14079 
14196 49633 72482 81226 95580 98155 98416 582 33116 78720 
86324 20816 40858 82772 57241 4508 32749 41685 83185 96981 
98793 65666 6221 41675 58265 8001 15839 53263 58368 64429 
66851 38432 67460 83808 28450 34155 41522 33377 52317 58457 
65993 70583 9528 65618 73602 89968 92713 12269 13573 17615 
11393 12681 38811 55608 59514 19592 70947 3138 55306 337 
26831 44813 55121 56668 72856 75983 39006 21299 84705 89276 
98367 98638 99108 99222 29018 20052 49426 31104 47794 5783 
19754 48673 34817 60066 74918 70 5764 10862 8902 70017 
77681 12044 13250 41827 56738 70067 86706 92210 49695 52393 
70110 39664 43342 23290 53918 19696 55512 64074 73822 83842 
21027 3597 52082 69858 92015 32585 22112 5729 26791 32484 
19190 22152 35693 46115 56982 33317 7287 8474 35362 61018 
68550 12998 23491 46782 48854 68511 78584 78890 90124 94867 
97955 18795 25802 39822 66926 72342 29393 66912 5642 13972 
18658 27794 61878 6685 40770 58438 76132 81068 82965 83561 
86597 12427 10702 16657 49293 61848 85168 87306 18904 34105 
36324 17396 64350 27051 674 8297 9075 8393 30067 36605 
42247 53044 69253 5718 70042 9269 10709 64156 7051 18812 
47421 76658 76727 84174 27366 84458 95605 15789 28886 48281 
78444 2280 12631 48597 49537 50211 65675 74024 79344 49035 
24000 4928 25821 26347 10646 30921 60879 82417 3005 10062 
38170 38576 47403 58113 16873 1831 22628 30718 35865 64197 
65154 68007 91155 17544 59812 75011 84108 94137 96631 96885 
2019 39324 47805 73626 97091 98492 99496 10598 19330 36525 
43719 58001 32466 57500 72002 91453 6394 34298 16705 48698 
54030 81368 88876 48168 49594 50601 24332 48152 19129 31828 
51061 69584 11894 61402 66524 69611 74805 79633 82793 46354 
5267 48419 56224 59018 62767 10838 28226 24298 17102 29470 
75600 78820 1413 7956 18620 35653 41003 76337 87485 88352 
91430 7170 45579 66711 86623 1127 15191 1940 48026 52730 
90046 95466 96480 22935 82119 85514 23310 51162 23727 61114 
84616 15238 50918 42767 66125 24106 50723 69538 444 12262 
20546 26093 33264 70952 72101 85412 94257 41603 63264 97668 
7056 8314 15994 21542 31250 31431 42040 68170 98764 98796 
99084 32010 33037 69934 12292 2576 29053 71834 11671 10426 
22222 29088 41351 71838 73528 56589 92903 84244 34181 36205 
5720 53104 5128 23869 9020 16334 27262 34319 18841 24136 
40494 58374 61418 68551 12055 73531 90572 24347 30310 53436 
65987 68885 92459 11139 40723 51790 37875 25575 52224 5328 
36637 76241 21540 66747 81961 84080 85669 34397 12601 16256 
59894 40125 69447 78736 59331 68532 83864 92119 92765 5157 
26895 34130 46315 49945 73806 81060 12564 57886 59245 90668 
92879 28877 3470 16064 29046 47672 64573 5292 39792 70291 
52340 380 72400 82892 94523 95149 96129 23781 34994 63461 
13943 16054 52956 74913 32264 26762 40839 1001 69755 73019 
82351 90288 13190 77214 27940 94735 95524 97409 33358 45426 
69173 5758 34755 45806 34635 46403 49816 48396 77839 38685 
57652 81397 28787 7993 71596 79802 97451 97476 98231 17790 
35756 51094 47332 47633 84543 89807 24546 24676 73864 18084 
57905 3985 70102 15909 21996 14651 53801 47992 62312 60061 
63047 80015 90157 91925 26077 56830 38731 70018 12941 37274 
39191 55459 43433 73333 35821 37017 44328 61564 68852 69005 
75361 76926 77185 15836 79346 38141 46839 49499 309 13843 
26239 26445 35839 44323 45784 50032 70327 70401 25871 63938 
84515 87720 15556 57227 26421 30723 25903 52574 11260 30490 
55362 66311 66720 70158 81575 20825 54440 45339 75920 82147 
59824 17907 15901 25602 47270 47580 2654 71386 71578 10395 
60130 66592 72254 75687 89763 1696 28261 34226 46334 67464 
12206 45486 41414 48771 75103 39913 66647 75192 85252 87472 
91970 93231 93592 98542 6046 89084 59174 8090 32934 86920 
90571 91035 67211 69569 78955 46233 4819 13545 12118 29716 
31593 57604 77892 80364 85103 15404 2499 4103 39372 69162 
71908 12951 72986 22755 12132 24080 66370 77286 86163 38392 
72041 74578 66561 49058 60500 81457 81847 90812 93064 64773 
1097 10548 26981 7264 40818 63682 66862 79172 12495 34896 
82533 81358 47847 63671 9562 48669 46645 59980 63923 26815 
20710 37457 2167 35657 66315 75384 84715 81559 85080 85481 
86637 96277 98674 16759 21943 50106 48925 78841 15232 61375 
28257 48012 52436 63254 28287 72816 76104 77772 21485 43609 
44173 45093 10488 58547 19911 53655 53857 50248 45489 51566 
54634 32691 36060 58664 59857 62147 65466 77066 80750 91284 
93360 7883 71866 60938 64322 79596 97684 97836 98807 54979 
13022 46490 60613 60932 36928 39908 41363 2055 6829 25697 
57779 68670 4731 58388 78264 87772 87943 89300 22370 14940 
32934 46970 56633 1967 7908 23864 26202 51129 58014 41722 
45379 45957 2335 8799 61524 23427 43698 48707 65648 66880 
35550 49124 67115 84240 86806 90786 21295 5798 27965 36886 
14412 28168 42905 30135 46064 49494 13545 57402 14137 31768 
72690 86172 46564 2876 16747 41309 75661 67936 76797 35051 
43677 81088 94077 23666 52213 70428 80430 95442 95580 1240 
26191 48586 29409 55788 18204 75685 31749 49440 75896 96530 
45886 66835 79350 31591 10866 12449 37899 79208 26619 76201 
23671 23212 30205 32924 22430 9992 13422 26988 44856 9952 
50010 76648 78802 32045 34031 296 61680 68239 69432 82092 
89247 91638 5969 20742 18419 32182 39581 7666 27742 45602 
50448 51033 56942 41525 1799 2796 60306 15221 20309 41578 
70298 75808 12862 23618 81601 94283 12714 23914 31484 32629 
39333 63076 72312 31482 2657 61654 82947 60968 15060 4091 
59224 69457 57594 7220 56625 77386 23861 26368 27110 43276 
63585 67946 49548 68635 6605 8605 16933 37396 29647 37536 
38089 48872 17517 20483 27542 5984 36527 51965 59764 63339 
63856 85332 92799 95537 96319 96425 53131 75809 40114 87336 
64028 12851 20051 37535 65228 71635 468 35808 54468 55410 
73897 90186 10714 7767 13429 22858 44294 65491 25256 32541 
20379 5464 25641 63058 65854 66630 62692 81347 81747 2807 
29134 56671 85036 85800 92946 900 52061 65026 85886 56310 
65494 67647 65608 78119 87869 94206 31241 33138 46532 49893 
13162 19130 58394 63858 77137 43268 84984 95390 96593 96838 
97453 97560 98660 99167 99181 99732 65294 49262 64884 74459 
21925 46731 56800 78681 14378 59038 87533 10159 5570 47516 
11894 22263 35084 84978 86121 92764 18012 29390 32571 21551 
42847 44094 65200 66492 70852 77259 15029 40471 40952 62396 
19633 68298 87062 91209 65557 29407 51823 66282 92785 8829 
31891 58322 73745 86568 93276 96878 99275 49212 42730 63754 
1658 21152 24282 35714 3997 11486 44505 77058 44949 45831 
66847 71286 80934 92537 46141 15639 37568 37264 19477 41894 
43988 73719 17993 24468 69155 3519 34628 80519 80720 83626 
57577 85284 93710 94151 95081 98228 98548 41591 14052 44027 
44380 23411 27579 41313 15950 15032 25807 51780 56926 69795 
78382 81099 28790 8918 13386 26651 45931 58076 23522 28768 
64366 88917 90744 91104 54605 76181 76545 91611 92421 98207 
51991 83411 42916 73436 73123 76583 8337 85075 64637 71223 
10986 60665 65047 271 6597 19905 49600 70533 81615 92533 
93304 39065 54719 2444 24219 47839 764 63107 70574 80024 
6420 6710 17781 24703 14 77049 62124 83003 91868 6319 
33347 44334 52554 91889 75503 80591 93204 25104 29881 45638 
14579 55805 74464 85153 93475 93815 48261 94072 11298 2980 
5360 12868 9690 11780 24050 26056 47001 2527 31083 50760 
52226 66635 12912 39227 73431 86673 87118 50926 55493 56187 
76462 93503 94784 97140 58867 72271 56216 20452 36884 88462 
91232 91322 16739 67454 21955 82258 8315 91504 93822 30066 
3412 32506 46258 58991 59075 15493 59170 69026 90074 51883 
40871 59233 62613 38355 52170 56392 59844 63976 66083 64659 
74833 47808 84429 91591 91955 94031 20745 16381 29879 38381 
13808 33291 53771 59739 8635 62666 70114 15061 77281 78159 
91903 18153 29347 60110 63404 2092 14817 36366 62871 6409 
43882 66068 66849 31856 635 18732 35068 70569 48595 55369 
78088 78472 11379 48196 81328 85529 86675 42707 44968 1370 
29174 61807 66865 67780 38269 74873 46219 46417 53087 59386 
67268 11151 26235 75848 76965 88045 89583 94027 35125 39792 
44262 247 4739 37007 72515 1555 52965 75650 86067 94427 
96788 97159 98200 51929 60237 17365 37174 31903 6613 41627 
64634 64662 15026 32756 43601 4921 21977 24986 45230 59406 
5272 60112 61065 13471 21871 51871 65804 70977 10838 43873 
2741 11934 49077 59288 74836 13739 43965 64364 71718 79330 
82461 44335 31372 49037 67978 69790 89084 32823 53958 15023 
22711 56359 89955 92220 5482 46294 36960 49050 61320 9275 
73747 82558 7699 2389 12016 12871 16128 60236 4199 51664 
64565 77236 85681 28214 34356 42320 50930 12630 34521 38439 
44005 73584 82080 11580 34272 6586 16830 33908 41184 87614 
15861 48541 90577 44230 92610 93283 97179 98904 98985 19945 
80181 63635 87610 90884 671 14343 24747 55917 9378 59268 
38830 28904 32852 51215 83476 84899 307 72738 86440 96424 
97245 99070 99078 99799 2173 5329 16494 47242 4399 16257 
70454 20219 33816 68034 86932 90399 11679 69734 89733 76975 
27524 19888 36504 46369 74632 19980 22680 48410 20287 74290 
74961 85199 87299 27371 40525 90002 57087 32700 62630 73371 
36567 53451 26200 37837 56314 60017 69381 71645 48073 66102 
84345 89629 92175 8149 94443 95154 16008 28129 58282 61597 
64418 64769 70284 36016 2122 70772 79300 85068 91846 92293 
95994 32989 24027 27663 38519 329 76356 29276 84044 7234 
50147 56320 77349 84675 70775 561 80821 8950 32921 84139 
88144 13692 32373 64944 82364 34732 50847 66391 40520 19800 
38398 42693 67380 64548 66062 74671 80116 84464 90071 19373 
31443 51066 18650 23738 55029 4559 18556 55591 19933 4864 
29862 33416 62641 78502 82141 90357 96656 97827 98730 16978 
75682 20302 16203 37888 80558 89535 42215 3045 47938 34952 
44594 9843 70464 78399 58032 13454 15114 36815 64872 61328 
92447 94202 97103 57438 8237 24357 12313 32615 2350 28155 
33028 57346 76588 65583 82395 2697 5742 36734 79038 88795 
97613 47013 76206 48984 83633 13453 48505 1673 18227 71237 
78790 59705 79555 86761 41870 26136 37810 52645 9466 11508 
44838 53075 60888 81311 42824 91861 93520 21862 94558 16652 
94956 57973 9211 79285 92637 95652 19978 30551 36764 44143 
21873 10106 24353 37806 45816 74518 78573 3476 46114 55829 
62060 4117 65295 22606 60379 18602 23541 36693 10282 1071 
13558 45403 22547 57408 68066 73508 80521 80717 33637 39396 
26652 53157 57990 15945 12149 48525 79615 80836 90952 91968 
23946 40105 69364 4663 34800 46096 28204 50381 64698 76873 
89959 17156 47367 52223 61296 78857 1463 14029 54627 34157 
64018 22008 24254 66939 70972 72779 81249 28527 82884 84061 
94608 95225 95972 97680 99489 88206 80228 27792 52415 34103 
34863 57807 83711 71082 81471 80322 63133 110 16304 81884 
82295 85923 87086 18683 29760 54373 2392 52840 5046 7467 
14906 53610 61503 61919 76519 1980 55028 78481 29187 46124 
78545 87387 93109 4201 33199 230 15494 43649 2581 15605 
16535 3039 13209 23068 26808 31892 11023 1085 19679 24904 
41077 42281 57413 59935 61699 85121 9053 45629 75581 75959 
5762 5720 21121 19076 49388 19306 50033 55271 2722 26320 
52193 70765 71982 81755 91754 13647 18557 12227 31084 63175 
55122 69657 32831 58059 15990 53384 67684 45612 28966 61619 
69652 50087 69725 72238 72341 153 8092 10072 21173 22955 
34412 12795 73367 85515 90550 92548 97414 97955 5214 4899 
4986 7290 32558 37633 37817 7554 20889 49180 79528 2959 
11144 52234 52872 82508 25532 4826 26645 34487 25999 34738 
44560 2007 15718 73707 85502 8616 27413 28038 21224 23052 
65046 72314 87192 26123 47012 68216 82207 88688 33748 41104 
14458 42633 44893 45872 56425 61944 83122 89761 90913 9122 
51825 92194 24840 94048 95180 5367 28385 699 23469 50500 
4867 17942 21923 73552 44199 149 64398 6263 11410 11871 
73116 65248 73634 78123 27193 31791 4984 26667 29197 36807 
35789 37743 45894 46868 76982 88093 93555 96056 60693 22418 
84020 87272 88887 97368 98084 1694 21715 25091 9579 26487 
5141 27978 52853 76917 15581 30932 40503 53124 60129 79791 
14224 93662 94609 45514 8915 46016 71275 14282 42882 72519 
46506 53052 74236 13745 27345 51720 50880 55188 17766 8041 
71539 73436 76680 78270 79475 21808 76613 28145 58294 80469 
81813 87642 90215 1147 17461 34887 36806 15690 25102 41555 
48095 82321 88062 92194 31244 56134 73436 83377 7036 45922 
10825 61327 38008 63689 7386 25650 34517 4208 59870 70147 
78057 8307 80821 86432 43787 23180 41923 45114 89367 95166 
98646 98794 49979 88774 10586 20018 45349 62243 8165 22802 
84022 89756 99068 99588 11945 28036 35397 4259 28211 32505 
36518 29678 38776 41711 62164 70508 20439 46548 34978 20168 
29852 41771 19236 43466 46174 49574 58577 11817 71348 81632 
19983 85343 9128 4869 7959 24541 36486 60481 66023 91898 
94150 8995 15021 28737 30752 42772 50418 63211 64256 94234 
99709 26888 13974 35320 55199 61525 63549 81495 90177 26628 
28043 5433 28053 32508 36293 44253 52595 53730 72027 72569 
79210 2591 20862 5798 43467 51614 90777 91718 36764 65803 
81564 65535 83564 96703 17207 43293 77439 97538 4819 43826 
26746 69158 93198 36336 42059 63039 23644 66158 47144 50272 
74999 87944 8634 871 18466 21058 39101 71134 35720 3213 
52156 71357 73440 1010 24473 2307 49611 27050 67766 85100 
12560 24195 44108 7147 26124 82136 88937 95073 95789 96578 
97211 11335 67212 40356 8875 46154 84903 91651 97416 30331 
10849 44585 86376 86777 88229 92512 6888 94196 24250 37598 
60235 66511 68358 82393 83905 58204 17621 22940 39002 39180 
14200 52770 59276 22203 32474 3459 16766 330 10733 31078 
19598 46098 54025 59676 8040 64183 70612 14928 39179 12329 
54644 54901 74731 23889 53647 78840 15747 40224 5449 36001 
52216 71101 76587 87827 91858 92635 16831 5635 21335 72298 
21468 559 8791 40933 68085 88980 94249 94968 18097 8528 
31231 31759 70938 3721 11180 14381 7900 26927 29701 32719 
39780 62246 12765 40259 40467 54605 65206 65702 84935 86133 
86541 96199 98667 98702 99732 99847 99858 99973 99978 99989 